5.727641489999999447e-01 6.984834440000000200e+00
1.634260849999999987e+00 8.761423530000000071e+00
3.095070910000000008e+00 1.022656420000000033e+01
4.881443370000000392e+00 1.126428959999999968e+01
6.875285759999999691e+00 1.178433599999999970e+01
8.931216949999999599e+00 1.175690370000000051e+01
1.091326740000000051e+01 1.121152039999999950e+01
1.271071740000000005e+01 1.020532649999999997e+01
1.422786469999999959e+01 8.798856080000000190e+00
1.533297800000000066e+01 7.038670119999999919e+00
1.586831450000000032e+01 5.035901159999999877e+00
1.584444039999999987e+01 2.975943439999999995e+00
1.531674379999999935e+01 9.879052130000000043e-01
1.440729070000000078e+01 -8.671097279999999685e-01
1.322854809999999937e+01 -2.578861990000000048e+00
1.180581199999999953e+01 -4.093791949999999957e+00
1.031719030000000004e+01 -5.541606210000000310e+00
8.771861060000000876e+00 -6.931350029999999940e+00
7.192014989999999663e+00 -8.281763480000000399e+00
5.628440799999999911e+00 -9.650806089999999671e+00
4.094065569999999710e+00 -1.105177429999999994e+01
2.633172580000000096e+00 -1.253005770000000041e+01
1.322727589999999953e+00 -1.414289680000000082e+01
