1.000000000000000000e+03 5.701195805752013596e-02
1.100000000000000000e+04 8.132175005770007903e-02
2.100000000000000000e+04 7.695217024887723856e-02
3.100000000000000000e+04 8.368614513341182670e-02
4.100000000000000000e+04 6.968933666361434853e-02
5.100000000000000000e+04 8.099720268551410807e-02
6.100000000000000000e+04 7.662624044981961036e-02
7.100000000000000000e+04 7.311423613178530401e-02
8.100000000000000000e+04 7.655694807287663495e-02
9.100000000000000000e+04 7.535442273459171114e-02
1.010000000000000000e+05 7.660939197229510444e-02
1.110000000000000000e+05 7.393937101642086840e-02
1.210000000000000000e+05 7.412262764186919317e-02
1.310000000000000000e+05 7.749354186281497137e-02
1.410000000000000000e+05 7.397034596107068816e-02
1.510000000000000000e+05 7.659804108151313518e-02
1.610000000000000000e+05 7.304076041316413803e-02
1.710000000000000000e+05 7.403577162694380265e-02
1.810000000000000000e+05 7.222967400222364553e-02
1.910000000000000000e+05 7.723497591069961032e-02
2.010000000000000000e+05 7.494388041183221161e-02
2.110000000000000000e+05 7.578905706369196138e-02
2.210000000000000000e+05 7.804617192903003098e-02
2.310000000000000000e+05 7.607341362035469068e-02
2.410000000000000000e+05 7.623725781669332680e-02
2.510000000000000000e+05 7.476814970040228381e-02
2.610000000000000000e+05 7.549350801079901530e-02
2.710000000000000000e+05 7.384713550138657934e-02
2.810000000000000000e+05 7.343821826245512663e-02
2.910000000000000000e+05 7.692393657062847334e-02
3.010000000000000000e+05 7.645978516759434351e-02
3.110000000000000000e+05 7.475566358272330014e-02
3.210000000000000000e+05 7.601939640291947853e-02
3.310000000000000000e+05 7.361149271279600337e-02
3.410000000000000000e+05 7.500121076806734455e-02
3.510000000000000000e+05 7.436102570960409497e-02
3.610000000000000000e+05 7.548686233036444593e-02
3.710000000000000000e+05 7.628879808501957960e-02
3.810000000000000000e+05 7.534610057431673225e-02
3.910000000000000000e+05 7.265575015192968222e-02
4.010000000000000000e+05 7.505707502088795890e-02
4.110000000000000000e+05 7.463000830872169866e-02
4.210000000000000000e+05 7.508701335556698664e-02
4.310000000000000000e+05 7.615527044722311678e-02
4.410000000000000000e+05 7.636916970835883056e-02
4.510000000000000000e+05 7.480960349732027059e-02
4.610000000000000000e+05 7.382516577063438779e-02
4.710000000000000000e+05 7.374373441429024623e-02
4.810000000000000000e+05 7.506886997918736648e-02
4.910000000000000000e+05 7.493625725797956050e-02
5.010000000000000000e+05 7.387610845303731189e-02
5.110000000000000000e+05 7.651771604541414418e-02
5.210000000000000000e+05 7.549113162761932061e-02
5.310000000000000000e+05 7.521947839677646519e-02
5.410000000000000000e+05 7.670795075122940898e-02
5.510000000000000000e+05 7.581252775376498554e-02
5.610000000000000000e+05 7.416533848581484401e-02
5.710000000000000000e+05 7.528741796936871955e-02
5.810000000000000000e+05 7.686112428058243518e-02
5.910000000000000000e+05 7.611398940277533387e-02
6.010000000000000000e+05 7.419523455336768381e-02
6.110000000000000000e+05 7.592650889852733953e-02
6.210000000000000000e+05 7.344864318870257536e-02
6.310000000000000000e+05 7.506776694178371456e-02
6.410000000000000000e+05 7.601981775050342671e-02
6.510000000000000000e+05 7.412478856119794624e-02
6.610000000000000000e+05 7.536354944423839797e-02
6.710000000000000000e+05 7.560690142689255322e-02
6.810000000000000000e+05 7.292749902581774357e-02
6.910000000000000000e+05 7.490805138249598261e-02
7.010000000000000000e+05 7.497022013163644194e-02
7.110000000000000000e+05 7.529201723043962846e-02
7.210000000000000000e+05 7.500864295514185487e-02
7.310000000000000000e+05 7.539801952453310807e-02
7.410000000000000000e+05 7.523888699162249727e-02
7.510000000000000000e+05 7.456901666658143080e-02
7.610000000000000000e+05 7.611216039126558752e-02
7.710000000000000000e+05 7.528107848572480887e-02
7.810000000000000000e+05 7.529814689006991690e-02
7.910000000000000000e+05 7.589517733850771608e-02
8.010000000000000000e+05 7.484134465442952855e-02
8.110000000000000000e+05 7.498908555267023990e-02
8.210000000000000000e+05 7.568654462303216202e-02
8.310000000000000000e+05 7.446088254889522695e-02
8.410000000000000000e+05 7.559154212462745881e-02
8.510000000000000000e+05 7.471399243585317984e-02
8.610000000000000000e+05 7.468632990357260137e-02
8.710000000000000000e+05 7.450249795289032306e-02
8.810000000000000000e+05 7.592226784398137251e-02
8.910000000000000000e+05 7.531071915835864383e-02
9.010000000000000000e+05 7.342061911888908554e-02
9.110000000000000000e+05 7.472173339943076475e-02
9.210000000000000000e+05 7.489719231104467745e-02
9.310000000000000000e+05 7.613158016511531456e-02
9.410000000000000000e+05 7.576574467520971745e-02
9.510000000000000000e+05 7.463925298635565309e-02
9.610000000000000000e+05 7.568769253739761338e-02
9.710000000000000000e+05 7.446597436963060812e-02
9.810000000000000000e+05 7.438063829043424502e-02
9.910000000000000000e+05 7.500480395500769282e-02
