0.000000 0.000000 -1.418965 -1.390737 -1.688972 -0.423876 -0.733005 -0.675280 -0.964995 0.283667 0.184026 -1.008160 0.933780 -0.372159 1.720143 0.231825 0.790685 0.610041 -1.929761 0.539521
0.000000 0.000000 1.594452 2.096896 0.975689 0.204527 1.282223 1.144364 -1.124972 -0.363558 -1.766903 0.406248 0.306625 0.946902 -1.522667 -1.289906 0.614859 1.892383 -2.137872 -0.513459
0.000000 0.000000 0.825937 0.555271 1.563504 2.115362 -0.068715 0.993453 2.464694 1.687123 -0.895309 0.438379 -0.961979 1.433116 -0.135114 1.989666 0.752189 1.547342 1.648064 1.116315
0.000000 0.000000 -0.329527 -1.966106 -1.098189 -1.331234 -0.934150 -0.347817 -0.165895 -0.981661 1.351292 -2.255604 2.289408 -1.915120 1.530826 -1.269672 0.597116 -1.612932 0.767015 -0.632757
0.000000 0.000000 1.695806 0.216090 0.095760 -0.984724 -0.817110 -0.560625 1.821847 -0.774670 0.779182 0.602348 -0.884509 0.440227 1.569083 1.205714 0.903848 -0.392989 -1.639775 1.090493
0.000000 0.000000 0.386270 1.952290 0.191871 0.976331 0.939956 0.319890 -0.557936 1.630655 -0.364034 2.608028 1.883031 0.641596 -0.750700 0.656588 1.133543 1.298326 -0.943267 -0.321140
0.000000 0.000000 0.056521 0.994073 0.110763 1.990370 0.889156 0.448210 -0.896128 -0.440886 0.944477 1.443742 -0.830055 0.549379 -1.601141 2.085894 -0.772695 1.539444 -1.663670 1.087998
0.000000 0.000000 1.063970 1.676171 1.988892 -0.090756 0.994333 -0.049050 -0.449589 0.896327 2.522928 0.751033 1.528080 0.792103 0.538893 0.835352 2.059754 1.633891 -0.994560 0.060639
0.000000 0.000000 0.995858 0.035431 0.923376 1.757822 1.527692 -0.806710 -0.462950 -0.882118 1.459766 0.917354 1.990955 0.075652 -0.075629 1.703794 0.466484 0.872852 0.532977 -0.844247
0.000000 0.000000 0.130795 -1.724604 1.883554 1.844408 0.888534 1.782526 0.446662 0.890686 -0.548252 0.830008 1.440485 0.951972 0.997655 0.064435 -0.104205 1.721547 0.558013 -0.825520
0.000000 0.000000 -0.132422 -1.703296 -1.125868 -1.617227 -1.545386 -0.707910 -1.334903 1.058403 0.438136 -0.888977 -0.356371 0.911440 -0.563468 -0.803344 -0.982442 0.117994 -0.700666 1.840825
0.000000 0.000000 -1.324426 1.481956 1.599205 2.094009 1.288205 1.147275 0.975470 0.202372 0.623345 1.892517 -0.349780 1.690490 -1.623476 0.527505 0.314537 0.947583 -0.655025 0.744064
0.000000 0.000000 -0.977042 -0.182627 0.648771 -0.755726 0.644817 1.875096 0.979514 0.182920 -0.330645 -0.939578 -1.624646 0.574891 0.328599 0.934612 -0.645569 0.759230 1.306414 1.124727
0.000000 0.000000 -0.807474 2.085676 -0.447610 1.163508 -1.423960 1.281009 0.492154 0.903456 0.088640 -0.999133 -0.983376 0.365681 0.197207 1.904952 -0.815246 -0.598326 -0.729619 -1.583292
0.000000 0.000000 0.851902 -0.514632 -0.020255 -0.997591 -0.843388 1.501822 0.870898 0.482304 -1.734613 -0.965206 -1.722460 0.034566 -0.867645 -0.482115 0.017693 0.995755 -0.850935 0.509463
0.000000 0.000000 0.954280 -0.280083 0.467460 -1.935616 -0.486711 -1.654805 -0.718955 -0.687419 1.188234 -1.248191 -0.953960 0.281170 -1.674798 -0.406115 0.232299 -0.967203 -1.440974 -1.374306
0.000000 0.000000 0.700346 0.711286 0.433504 1.679768 -1.507077 -1.315299 -0.562080 -1.624147 -0.761599 -0.652232 -0.976865 0.308906 -1.722718 -0.347473 -0.259215 0.969945 0.186200 -0.970367
0.000000 0.000000 -0.061261 0.992650 -1.659949 -1.099909 -0.767830 -1.542854 -1.783567 0.885506 -0.829906 -0.548372 -0.891519 0.441191 -0.953283 1.435692 -1.721576 -0.107190 0.062345 -0.992583
0.000000 0.000000 1.859458 1.847365 -0.203708 -0.958117 0.769267 -0.604871 0.972297 1.403098 1.795191 0.848900 1.021978 2.393779 0.076864 0.984957 0.562683 -1.581547 0.902302 0.401274
0.000000 0.000000 0.908847 1.466048 -1.721642 0.075810 0.880846 0.466986 0.843883 -0.527850 0.036599 0.992604 -0.037552 -0.994335 -0.839486 0.529991 -0.803860 1.524148 -0.881028 -0.464517
0.000000 0.000000 -0.314524 -0.943521 0.660612 -0.746235 -0.629482 -1.886899 0.346848 -1.686746 1.636936 -0.546076 0.975921 0.198943 1.321982 -1.489462 0.031528 -2.631920 1.007449 -2.432990
0.000000 0.000000 -0.200704 2.015475 -1.011694 1.434716 0.705176 1.604595 0.166003 -0.980408 0.783475 0.618935 -0.904379 0.435894 0.941970 -0.356583 1.714729 0.286443 -0.107052 1.018793
0.000000 0.000000 -0.985621 0.128704 -1.983561 0.150564 2.065380 -1.629472 1.069134 -1.670748 1.596377 -2.512066 1.531238 -0.788659 0.535943 -0.833341 0.074551 -1.714510 0.996375 0.051264
0.000000 0.000000 1.861627 -0.668032 -0.198476 0.974892 0.194092 -0.981941 -0.747748 -0.662027 0.933801 -0.322889 0.748496 0.655551 -1.858372 0.689651 1.689826 0.319434 -0.940631 0.312183
0.000000 0.000000 1.205157 -1.327039 0.449976 -1.966994 1.011090 -0.360529 -0.707088 -0.686087 0.254921 -0.979823 0.813169 0.603285 -0.090503 0.995210 -0.488160 -1.651588 1.770003 0.304437
0.000000 0.000000 -0.955933 0.258622 0.461726 1.658832 -1.915834 0.525718 0.959721 -0.269118 0.711419 0.695656 -1.206421 1.225325 0.239820 -0.963040 -0.248428 0.960114 -0.498374 1.924703
0.000000 0.000000 0.841842 -0.525853 1.719584 -0.057626 0.804156 -1.522864 0.873549 0.470829 -0.880627 -0.467606 -0.904739 -1.466392 -0.033533 -0.991416 1.684697 -1.054667 -0.839093 0.530196
0.000000 0.000000 -0.109582 -0.987477 0.912379 0.394738 1.715232 -0.186958 1.033491 1.379930 -0.217957 -1.977892 0.112779 0.989897 0.802050 -0.590216 0.695213 -1.578553 1.606317 -1.177461
0.000000 0.000000 0.095310 -1.705367 0.973890 0.111786 -0.989086 -0.030805 -2.122258 -1.648189 0.348648 0.918931 1.531134 -0.717578 0.548273 -0.814021 -1.445005 -0.915190 -0.455949 -0.877141
0.000000 0.000000 0.291061 3.428259 1.987294 -0.170641 -0.278712 2.608356 1.564647 0.731362 0.717222 2.527443 0.145922 1.708275 1.141978 1.630711 0.572812 0.813463 0.993898 -0.088350
0.000000 0.000000 -1.192631 -1.584425 -0.200728 -1.712218 -0.399523 0.912291 -0.992161 0.111287 0.396419 -0.914406 0.589599 0.800295 -0.590800 -0.795290 0.987507 -0.115621 1.579600 0.685713
0.000000 0.000000 1.359615 0.981432 1.941998 0.155939 0.489264 -0.841195 1.473842 -0.776634 0.377485 0.907296 -0.026286 -1.693524 0.982449 -1.680148 2.339986 1.084635 0.957326 0.072341
0.000000 0.000000 -1.947917 1.834735 -0.560214 0.825832 -0.958943 1.728373 0.407314 0.932120 0.985685 0.126729 1.908452 -0.241173 -1.553930 0.914099 -1.098075 0.007301 -0.561961 -0.822396
0.000000 0.000000 2.446095 2.575239 -0.073732 0.993697 0.895223 -0.434341 1.565541 2.111207 0.823366 0.559215 1.648490 1.119058 1.719460 0.125408 -0.897181 0.433915 0.747975 1.550465
0.000000 0.000000 0.843636 -0.518551 -0.876368 -0.473114 1.696341 -1.022279 -0.847076 0.523311 0.879721 0.472211 0.821627 -1.512414 -0.029224 -0.995761 1.679133 -2.019869 0.031196 0.995115
0.000000 0.000000 1.054614 1.361292 0.134230 0.984866 -0.645953 1.598463 0.780120 -0.613604 -1.569899 1.216568 0.918872 0.375719 1.704070 -0.231715 -0.784695 0.609170 -0.920453 -0.376400
0.000000 0.000000 1.396444 -1.010304 0.585325 0.804499 1.575095 0.703892 1.169522 1.611994 0.989839 -0.100605 1.981138 -0.204003 0.178795 1.714223 0.405693 -0.908097 -0.405952 0.907949
0.000000 0.000000 0.842172 -1.803626 -0.281751 2.614796 1.414482 -0.984104 -0.851524 1.794893 0.991835 -0.082101  0.14441 1.71398 -0.42689 0.894812 0.569166 0.817248 0.421086 -0.901813